0.472285714286 0.4726
0.557842857143 0.555966666667
0.590071428571 0.5851
0.616071428571 0.6093
0.6509 0.6452
0.687957142857 0.678066666667
0.7202 0.7072
0.742185714286 0.722033333333
0.774014285714 0.7472
0.807528571429 0.768633333333
0.835085714286 0.781033333333
0.861071428571 0.794
0.885785714286 0.800233333333
0.910142857143 0.804866666667
0.929814285714 0.806166666667
0.945828571429 0.805666666667
0.960057142857 0.8058
0.970328571429 0.800466666667
0.978414285714 0.802
0.984271428571 0.801866666667
0.988757142857 0.8018
0.991671428571 0.798833333333
0.993757142857 0.798333333333
0.995057142857 0.796666666667
0.996214285714 0.796633333333
0.997157142857 0.7933
0.998028571429 0.7961
0.998657142857 0.794766666667
0.999142857143 0.7944
0.999428571429 0.793533333333
0.999628571429 0.793433333333
0.999842857143 0.791566666667
1.0 0.792533333333
0.999928571429 0.7946
0.999985714286 0.792166666667
1.0 0.7936
1.0 0.794033333333
1.0 0.793566666667
1.0 0.792366666667
